6 -473929
1 -458541
13 -400565
12 -388635
7 -374202
2 -355458
17 -354334
14 -309209
15 -266035
16 -238668
10 -236202
8 -213432
11 -172454
3 -156019
19 -126338
4 5109.71
18 43863.7
0 150469
9 166442
11 -452720
12 -401780
2 -382839
0 -372571
8 -340324
19 -334417
13 -265081
5 -253689
7 -206831
6 -205863
16 -199915
18 -183466
17 -171129
10 -28272.8
1 -10392
14 43863.7
3 114253
9 125699
15 232526
16 -468692
6 -434808
10 -327790
19 -321589
0 -318371
1 -283298
13 -183493
8 -176439
3 -164483
2 -162964
15 -119802
12 -107350
14 -89793.5
17 -35174
7 -15442.7
9 -6934.1
4 16886
11 24460.1
5 40983.4
0 -587032
19 -506905
13 -329635
8 -295511
12 -270849
11 -260976
18 -238605
1 -208119
7 -163158
4 -97946.5
2 -73946.6
3 837.227
16 64497.1
17 125794
15 197722
9 225469
5 226108
6 244142
12 -587032
18 -323332
2 -264352
8 -20811
1 -191888
6 -172080
11 -163158
5 -131261
3 -110452
16 -97946.5
17 -63728.5
15 2260.84
13 73838.4
9 82017.5
19 150073
4 225469
7 226108
0 244142
17 -529169
5 -512059
2 -463326
6 -442284
11 -438560
18 -372894
13 -357191
9 -326799
8 -318951
1 -301680
3 -259885
4 -205441
12 -191504
14 -169922
15 -113995
0 -76378.6
10 15682.9
16 104756
15 -499254
18 -463326
7 -414242
4 -346677
17 -346632
8 -317234
14 -308291
10 -287169
13 -277468
6 -238822
11 -197499
5 -193294
16 -191504
9 -186163
0 -159418
1 -128908
12 -82628.9
3 -70874.4
9 -512950
11 -467388
17 -381730
3 -367979
8 -336992
0 -305570 
6 -275892
10 -273996
14 -267823
12 -250210
13 -238822
1 -225258
19 -198723
16 -196972
2 -175905
5 -130868
4 -25967.7
18 -15874
7 198901
0 -496695
16 -461443
2 -427785
11 -426677
3 -394648
1 -327555
4 -305570
5 -251163
10 -236441
14 -234839
19 -219962
7 -183962
15 -80884.4
13 -66535.3
6 -61919
12 -55929
9 -6301.62
17 115415
8 161041
0 -496695
16 -461443
2 -427785
11 -426677
3 -394648
1 -327555
4 -305570
5 -251163
10 -236441
14 -234839
19 -219962
7 -183962
15 -80884.4
13 -66535.3
6 -61919.7
12 -55928.9
9 -6301.62
17 115415
8 161041
9 -547470
2 -496695
8 -427785
18 -394648
6 -333968
1 -282496
12 -268414
0 -258014
10 -246080
4 -243990
5 -205903
19 -204690
14 -201742
17 -172233
16 -164529
3 -132391
11 -85779.7
7 -80884.4
13 -30576.8