0 -0.034578146611341634 -3
1 -0.018008834522595992 0
2 0.02341772151898734 0
3 0.021929824561403508 0
4 0.005668016194331984 0
5 0.03514376996805112 0
6 0.014957264957264958 4
7 0.0456140350877193 0
8 -0.033210332103321034 -8
9 0.0011325028312570782 0
10 -0.0009823182711198428 0
11 -0.08161582852431987 -2
12 0 0
13 -0.01430615164520744 0
14 -0.017996870109546165 -2
15 0.0425531914893617 0
16 -0.008628127696289905 -2
17 -0.039779005524861875 -4
18 0.049797336421540245 0
19 0 0
0 0.0022222222222222222 -1
1 -0.010172143974960876 0
2 -0.01828681424446583 0
3 -0.01092896174863388 0
4 -0.034578146611341634 -3
5 -0.02754399387911247 -1
6 0.018833535844471446 0
7 -0.004634397528321318 0
8 0.028552456839309428 1
9 0.02922077922077922 0
10 0.015206812652068127 0
11 -0.05078125 0
12 0.07582582582582582 0
13 0.016332590942835932 -3
14 0.024702249669166298 1
15 0.02560553633217993 -1
16 -0.04758713136729222 -5
17 0.006963788300835654 0
18 0.0425531914893617 2
19 0.00900225056264066 0
0 0.012773722627737226 0
1 -0.03945371775417299 -1
2 0.0022222222222222222 -1
3 0.026622296173044926 0
4 -0.0326975476839237 -3
5 -0.01322556943423953 -1
6 -0.01990049751243781 -1
7 0.02560553633217993 -1
8 -0.01828681424446583 0
9 -0.060767590618336885 -1
10 -0.008933889219773675 -1
11 0.009137055837563452 0
12 0.029387755102040815 0
13 0.01411042944785276 -1
14 0.00818926296633303 0
15 0.034454470877768664 0
16 0.01571503404924044 -1
17 0.017788089713843776 -2
18 -0.01092896174863388 0
19 0.01092896174863388 0
0 -0.0546095126247798 -2
1 0.0343811394891945 0
2 0.012773722627737226 0
3 -0.011242973141786383 -2
4 -0.011482254697286013 0
5 -0.013257575757575758 -5
6 -0.03945371775417299 -5
7 0.008006405124099279 -1
8 -0.004935834155972359 0
9 0.036676646706586824 0
10 0.009685230024213076 2
11 0.02564102564102564 -2
12 0.007329842931937173 -1
13 -0.008433734939759036 0
14 -0.03820754716981132 -4
15 0.0022222222222222222 -1
16 -0.04 -5
17 0.029441624365482234 0
18 -0.038419319429198684 0
19 -0.060767590618336885 -1
0 -0.050922978994271166 -5
1 0.022935779816513763 0
2 -0.042690815006468305 0
3 -0.06832298136645963 -2
4 -0.04445107398568019 -2
5 -0.011482254697286013 0
6 0.022975929978118162 0
7 -0.020461614012113275 -2
8 0 3
9 -0.029647435897435896 -2
10 0.0007077140835102619 -3
11 0 -2
12 -0.0535031847133758 -4
13 -0.02530459231490159 -1
14 -0.030020703933747412 0
15 0.03489640130861505 0
16 -0.004864864864864865 0
17 0.024473147518694765 -3
18 -0.024849397590361446 -2
19 0.02684017893452623 -2
0 0.0006906077348066298 -3
1 -0.011896431070678797 -1
2 -0.050922978994271166 -5
3 0.012539184952978056 -1
4 -0.011658031088082901 0
5 0.022388059701492536 0
6 -0.016266460108443067 0
7 -0.020461614012113275 -2
8 -0.04445107398568019 -2
9 0.004601226993865031 -2
10 0.022975929978118162 0
11 -0.04152249134948097 -2
12 -0.011482254697286013 0
13 0.016441359152356595 1
14 -0.00984009840098401 -3
15 0.0007077140835102619 -3
16 0.024473147518694765 -3
17 0.012669683257918552 0
18 0.022935779816513763 0
19 -0.002911208151382824 0
0 0.0006906077348066298 -3
1 0.028101802757158005 4
2 0.008458646616541353 0
3 -0.027054619703930576 -1
4 0.007712082262210797 0
5 -0.025806451612903226 0
6 -0.02410901467505241 -2
7 0.012669683257918552 0
8 -0.04445107398568019 -2
9 -0.013131313131313131 0
10 0.030389363722697058 0
11 0.02684017893452623 -2
12 -0.002826189354686764 -2
13 0.02194964493221433 1
14 -0.013986013986013986 0
15 0.02247191011235955 2
16 -0.01693227091633466 -2
17 -0.020461614012113275 -2
18 0.027381631488876214 0
19 -0.008306709265175719 1
0 0.05246252676659529 1
1 -0.0032388663967611335 -2
2 0.05550811272416738 0
3 -0.03627504060638874 0
4 0.0202808112324493 0
5 0.00883912787271656 0
6 -0.04375896700143472 0
7 0.04260450160771704 2
8 0.04125950054288816 0
9 0.002688172043010753 0
10 -0.021461716937354988 3
11 0.022706630336058128 0
12 -0.07190082644628099 -2
13 -0.007563479200432199 -2
14 0.05787781350482315 0
15 -0.033236994219653176 0
16 0.030279503105590064 0
17 0.018205461638491547 0
18 0.02003780718336484 1
19 -0.0011049723756906078 2
0 -0.009579955784819455 -2
1 0.008880994671403197 0
2 -0.007759456838021339 0
3 0 0
4 -0.009402654867256638 0
5 -0.046416938110749185 -3
6 -0.04120879120879121 -2
7 -0.0030816640986132513 0
8 -0.0036663611365719525 0
9 -0.01462225832656377 -1
10 -0.013071895424836602 -2
11 0.05246252676659529 1
12 0.06741573033707865 0
13 -0.04375896700143472 0
14 -0.04201680672268908 -3
15 0.04260450160771704 2
16 0.05238095238095238 0
17 0.0030534351145038168 0
18 0.034588777863182166 0
19 0.013221990257480862 -1
0 -0.009579955784819455 -2
1 -0.027210884353741496 -2
2 0.03483870967741935 3
3 0.006959314775160599 1
4 -0.013071895424836602 -2
5 -0.08103015075376885 -4
6 -0.009574468085106383 0
7 0.001455604075691412 0
8 0.008880994671403197 0
9 0.027204502814258912 0
10 -0.046416938110749185 -3
11 0.0009813542688910696 0
12 -0.007759456838021339 0
13 0.0027739251040221915 1
14 0.021570319240724764 2
15 0.015287769784172662 -2
16 0.006012024048096192 -2
17 0.03695150115473441 0
18 0.059085841694537344 2
19 0.008586525759577279 -1
0 -0.0014084507042253522 -2
1 -0.016861219195849545 0
2 -0.027210884353741496 -2
3 0.006959314775160599 1
4 0.03347732181425486 0
5 -0.07259953161592506 0
6 0.03109452736318408 2
7 -0.08103015075376885 -3
8 0.053003533568904596 0
9 0.05096418732782369 -1
10 0.010638297872340425 0
11 -0.046462513199577615 -2
12 0.017885806007796375 0
13 0.020337119824111394 0
14 0.027204502814258912 0
15 0.014238773274917854 -1
16 -0.03311867525298988 -3
17 0.0008071025020177562 0
18 0.0258751902587519 0
19 -0.009579955784819455 -2
0 -0.05785714285714286 -2
1 -0.0014084507042253522 -2
2 0.0042780748663101605 0
3 0.030495552731893267 0
4 0.03033528472591804 0
5 0.014091122592766557 1
6 0.006000857265323617 2
7 -0.018979833926453145 0
8 0.020337119824111394 0
9 0.010905125408942203 0
10 0.017885806007796375 0
11 -0.05767940979208585 0
12 0.007216494845360825 0
13 0.04860661049902787 2
14 -0.041666666666666664 -4
15 0.02146558105107328 0
16 -0.0066985645933014355 -1
17 0.0008071025020177562 0
18 0.030025020850708923 0
19 -0.030303030303030304 -3
0 0.006000857265323617 2
1 -0.03718459495351926 2
2 0.0018674136321195146 0
3 -0.01921470342522974 0
4 0.055596196049743966 0
5 0.0019342359767891683 0
6 -0.0037313432835820895 3
7 0.0008071025020177562 0
8 0.014091122592766557 1
9 0.0019011406844106464 0
10 0.04860661049902787 2
11 0.0008460236886632825 0
12 0.02809573361082206 0
13 0.008880994671403197 0
14 0.060418280402788536 0
15 -0.05785714285714286 -2
16 0.017885806007796375 0
17 0.03033528472591804 0
18 -0.008567931456548347 0
19 -0.03403755868544601 0
0 0.02158828064764842 0
1 0.013986013986013986 -1
2 0.020765027322404372 -3
3 0.04231052244297277 1
4 -0.0021037868162692847 0
5 0.018480492813141684 0
6 0.0018674136321195146 0
7 -0.041025641025641026 -7
8 0.03294691885295912 2
9 0.051336146272855133 0
10 0.028052805280528052 0
11 -0.013232514177693762 0
12 0.031511254019292605 -2
13 -0.06216577540106952 -6
14 0.021923360353721444 0
15 0.03183229813664596 0
16 -0.019144144144144143 -6
17 0.012195121951219513 -2
18 0.011299435028248588 0
19 0.004702194357366771 0
0 -0.041025641025641026 -5
1 0.027704485488126648 3
2 -0.08972691807542263 -3
3 0.043835616438356165 2
4 0.011216566005176877 -2
5 -0.044673539518900345 -7
6 0.010498687664041995 -1
7 0.02080364776289541 0
8 0.04231052244297277 1
9 -0.016375545851528384 0
10 0.017271157167530225 0
11 0.031511254019292605 -2
12 0.022719204827831026 2
13 0.028052805280528052 0
14 0.0018674136321195146 0
15 0.0009813542688910696 -1
16 0.035050071530758224 0
17 0.02609308885754584 6
18 0.018480492813141684 0
19 0.04178019981834696 4
0 0.0352233676975945 0
1 -0.026920551543007223 -5
2 0.007047768206734534 -1
3 0.017210682492581602 -2
4 -0.024757804090419805 -1
5 0.009911894273127754 7
6 -0.01430615164520744 0
7 -0.011363636363636364 -1
8 -0.021244763614602036 -3
9 0.009272467902995721 -2
10 0.016191210485736313 0
11 -0.00303951367781155 -3
12 0.0110658124635993 0
13 0.018356643356643356 0
14 -0.06309148264984227 0
15 -0.007399577167019027 0
16 0.01303780964797914 4
17 -0.05972906403940887 -3
18 -0.027263875365141188 -2
19 0.02247191011235955 0
0 0.0352233676975945 0
1 -0.026920551543007223 -5
2 0.007047768206734534 -1
3 0.017210682492581602 -2
4 -0.024757804090419805 -1
5 0.009911894273127754 7
6 -0.01430615164520744 0
7 -0.011363636363636364 -1
8 -0.021244763614602036 -3
9 0.009272467902995721 -2
10 0.016191210485736313 0
11 -0.00303951367781155 -3
12 0.0110658124635993 0
13 0.018356643356643356 0
14 -0.06309148264984227 0
15 -0.007399577167019027 0
16 0.01303780964797914 4
17 -0.05972906403940887 -3
18 -0.027263875365141188 -2
19 0.02247191011235955 0
